,Time (s),P,label
0,0,0,1
1,1,320,1
2,2,320,1
3,3,320,1
4,4,320,1
5,5,320,1
6,6,320,1
7,7,320,1
8,8,320,1
9,9,320,1
10,10,320,1
11,11,320,1
12,12,320,1
13,13,330,1
14,14,330,1
15,15,320,1
16,16,320,1
17,17,320,1
18,18,320,0
19,19,320,0
20,20,330,0
21,21,330,0
22,22,330,0
23,23,330,0
24,24,330,0
25,25,330,0
26,26,330,0
27,27,330,0
28,28,330,0
29,29,330,0
30,30,330,0
31,31,330,0
32,32,330,0
33,33,330,0
34,34,330,0
35,35,330,0
36,36,330,0
37,37,330,0
38,38,330,0
39,39,340,0
40,40,330,0
41,41,340,0
42,42,340,0
43,43,340,0
44,44,340,0
45,45,340,0
46,46,340,0
47,47,340,0
48,48,340,0
49,49,350,0
50,50,350,0
51,51,350,0
52,52,350,0
53,53,350,0
54,54,350,0
55,55,340,0
56,56,340,0
57,57,350,0
58,58,350,0
59,59,350,0
60,60,350,0
61,61,350,0
62,62,350,0
63,63,350,0
64,64,350,0
65,65,350,0
66,66,350,0
67,67,350,0
68,68,350,0
69,69,350,0
70,70,350,0
71,71,350,0
72,72,360,0
73,73,360,0
74,74,360,0
75,75,360,0
76,76,360,0
77,77,360,0
78,78,360,0
79,79,370,0
80,80,370,0
81,81,370,0
82,82,370,0
83,83,370,0
84,84,370,0
85,85,370,0
86,86,380,0
87,87,380,0
88,88,380,0
89,89,390,0
90,90,390,0
91,91,390,0
92,92,390,0
93,93,390,0
94,94,390,0
95,95,390,0
96,96,390,0
97,97,390,0
98,98,390,0
99,99,390,0
100,100,390,0
101,101,400,0
102,102,390,0
103,103,400,0
104,104,390,0
105,105,400,0
106,106,400,0
107,107,400,0
108,108,400,0
109,109,400,0
110,110,400,0
111,111,400,0
112,112,400,0
113,113,400,0
114,114,400,0
115,115,400,0
116,116,400,0
117,117,400,0
118,118,400,0
119,119,400,0
120,120,410,0
121,121,410,0
122,122,410,0
123,123,410,0
124,124,410,0
125,125,410,0
126,126,410,0
127,127,410,0
128,128,410,0
129,129,420,0
130,130,420,0
131,131,420,0
132,132,420,0
133,133,420,0
134,134,420,0
135,135,420,0
136,136,420,0
137,137,420,0
138,138,420,0
139,139,430,0
140,140,430,0
141,141,430,0
142,142,430,0
143,143,430,0
144,144,430,0
145,145,430,0
146,146,430,0
147,147,420,0
148,148,430,0
149,149,430,0
150,150,430,0
151,151,430,0
152,152,430,0
153,153,440,0
154,154,440,0
155,155,440,0
156,156,440,0
157,157,440,0
158,158,440,0
159,159,440,0
160,160,440,0
161,161,440,0
162,162,440,0
163,163,440,0
164,164,440,0
165,165,440,0
166,166,450,0
167,167,450,0
168,168,450,0
169,169,450,0
170,170,450,0
171,171,460,0
172,172,460,0
173,173,460,0
174,174,460,0
175,175,460,0
176,176,460,0
177,177,460,0
178,178,460,0
179,179,460,0
180,180,460,0
181,181,460,0
182,182,460,0
183,183,460,0
184,184,460,0
185,185,460,0
186,186,460,0
187,187,460,0
188,188,460,0
189,189,460,0
190,190,460,0
191,191,460,0
192,192,470,0
193,193,460,0
194,194,460,0
195,195,460,0
196,196,470,0
197,197,470,0
198,198,470,0
199,199,470,0
200,200,470,0
201,201,470,0
202,202,470,0
203,203,470,0
204,204,470,0
205,205,470,0
206,206,470,0
207,207,470,0
208,208,480,0
209,209,480,0
210,210,480,0
211,211,480,0
212,212,480,0
213,213,480,0
214,214,480,0
215,215,480,0
216,216,480,0
217,217,480,0
218,218,490,0
219,219,490,0
220,220,490,0
221,221,490,0
222,222,490,0
223,223,490,0
224,224,490,0
225,225,490,0
226,226,500,0
227,227,500,0
228,228,500,0
229,229,500,0
230,230,500,0
231,231,500,0
232,232,500,0
233,233,500,0
234,234,510,0
235,235,510,0
236,236,510,0
237,237,510,0
238,238,510,0
239,239,510,0
240,240,510,0
241,241,510,0
242,242,510,0
243,243,510,0
244,244,510,0
245,245,520,0
246,246,520,0
247,247,520,0
248,248,520,0
249,249,520,0
250,250,520,0
251,251,520,0
252,252,520,0
253,253,520,0
254,254,520,0
255,255,530,0
256,256,530,0
257,257,530,0
258,258,530,0
259,259,540,0
260,260,540,0
261,261,540,0
262,262,540,0
263,263,540,0
264,264,540,0
265,265,540,0
266,266,540,0
267,267,540,0
268,268,550,0
269,269,550,0
270,270,550,0
271,271,550,0
272,272,550,0
273,273,550,0
274,274,560,0
275,275,560,0
276,276,560,0
277,277,560,0
278,278,560,0
279,279,560,0
280,280,560,0
281,281,570,0
282,282,570,0
283,283,570,0
284,284,570,0
285,285,570,0
286,286,570,0
287,287,570,0
288,288,570,0
289,289,580,0
290,290,580,0
291,291,580,0
292,292,580,0
293,293,580,0
294,294,580,0
295,295,590,0
296,296,590,0
297,297,590,0
298,298,590,0
299,299,590,0
300,300,590,0
301,301,600,0
302,302,600,0
303,303,610,0
304,304,610,0
305,305,610,0
306,306,610,0
307,307,610,0
308,308,620,0
309,309,620,0
310,310,620,0
311,311,630,0
312,312,630,0
313,313,630,0
314,314,630,0
315,315,640,0
316,316,640,0
317,317,640,0
318,318,640,0
319,319,640,0
320,320,650,0
321,321,650,0
322,322,660,0
323,323,660,0
324,324,670,0
325,325,670,0
326,326,670,0
327,327,680,0
328,328,690,0
329,329,690,0
330,330,690,0
331,331,700,0
332,332,700,0
333,333,700,0
334,334,710,0
335,335,710,0
336,336,710,0
337,337,720,0
338,338,720,0
339,339,730,0
340,340,730,0
341,341,730,0
342,342,740,0
343,343,740,0
344,344,750,0
345,345,750,0
346,346,760,0
347,347,770,0
348,348,770,0
349,349,780,0
350,350,780,0
351,351,790,0
352,352,790,0
353,353,800,0
354,354,800,0
355,355,810,0
356,356,810,0
357,357,820,0
358,358,820,0
359,359,830,0
360,360,840,0
361,361,840,0
362,362,850,0
363,363,850,0
364,364,860,0
365,365,860,0
366,366,870,0
367,367,870,0
368,368,880,0
369,369,890,0
370,370,890,0
371,371,900,0
372,372,900,0
373,373,910,0
374,374,920,0
375,375,920,0
376,376,930,0
377,377,940,0
378,378,940,0
379,379,950,0
380,380,950,0
381,381,960,0
382,382,970,0
383,383,970,0
384,384,980,0
385,385,990,0
386,386,1000,0
387,387,1000,0
388,388,1010,0
389,389,1010,0
390,390,1020,0
391,391,1030,0
392,392,1040,0
393,393,1050,0
394,394,1050,0
395,395,1070,0
396,396,1070,0
397,397,1080,0
398,398,1090,0
399,399,1090,0
400,400,1100,0
401,401,1110,0
402,402,1110,0
403,403,1120,0
404,404,1130,0
405,405,1140,0
406,406,1150,0
407,407,1160,0
408,408,1160,0
409,409,1160,0
410,410,1170,0
411,411,1180,0
412,412,1190,0
413,413,1190,0
414,414,1200,0
415,415,1210,0
416,416,1220,0
417,417,1230,0
418,418,1240,0
419,419,1240,0
420,420,1250,0
421,421,1250,0
422,422,1260,0
423,423,1270,0
424,424,1280,0
425,425,1290,0
426,426,1300,0
427,427,1310,0
428,428,1320,0
429,429,1330,0
430,430,1340,0
431,431,1340,0
432,432,1350,0
433,433,1350,0
434,434,1370,0
435,435,1380,0
436,436,1380,0
437,437,1390,0
438,438,1400,0
439,439,1410,0
440,440,1420,0
441,441,1430,0
442,442,1430,0
443,443,1450,0
444,444,1450,0
445,445,1460,0
446,446,1470,0
447,447,1480,0
448,448,1490,0
449,449,1500,0
450,450,1510,0
451,451,1520,0
452,452,1530,0
453,453,1540,0
454,454,1550,0
455,455,1560,0
456,456,1570,0
457,457,1580,0
458,458,1590,0
459,459,1600,0
460,460,1610,0
461,461,1620,0
462,462,1630,0
463,463,1640,0
464,464,1650,0
465,465,1660,0
466,466,1670,0
467,467,1680,0
468,468,1690,0
469,469,1700,0
470,470,1710,0
471,471,1720,0
472,472,1730,0
473,473,1750,0
474,474,1760,0
475,475,1770,0
476,476,1780,0
477,477,1790,0
478,478,1800,0
479,479,1820,0
480,480,1830,0
481,481,1840,0
482,482,1850,0
483,483,1860,0
484,484,1870,0
485,485,1880,0
486,486,1880,0
487,487,1900,0
488,488,1910,0
489,489,1920,0
490,490,1940,0
491,491,1950,0
492,492,1960,0
493,493,1980,0
494,494,1990,0
495,495,2000,0
496,496,2010,0
497,497,2020,0
498,498,2030,0
499,499,2050,0
500,500,2060,0
501,501,2080,0
502,502,2090,0
503,503,2100,0
504,504,2110,0
505,505,2130,0
506,506,2140,0
507,507,2150,0
508,508,2160,0
509,509,2180,0
510,510,2190,0
511,511,2210,0
512,512,2220,0
513,513,2230,0
514,514,2240,0
515,515,2260,0
516,516,2270,0
517,517,2290,0
518,518,2300,0
519,519,2310,0
520,520,2330,0
521,521,2340,0
522,522,2360,0
523,523,2370,0
524,524,2380,0
525,525,2400,0
526,526,2410,0
527,527,2430,0
528,528,2440,0
529,529,2450,0
530,530,2470,0
531,531,2480,0
532,532,2500,0
533,533,2510,0
534,534,2520,0
535,535,2540,0
536,536,2550,0
537,537,2570,0
538,538,2580,0
539,539,2600,0
540,540,2610,0
541,541,2630,0
542,542,2650,0
543,543,2660,0
544,544,2670,0
545,545,2690,0
546,546,2700,0
547,547,2720,0
548,548,2740,0
549,549,2750,0
550,550,2770,0
551,551,2780,0
552,552,2800,0
553,553,2820,0
554,554,2830,0
555,555,2840,0
556,556,2860,0
557,557,2880,0
558,558,2900,0
559,559,2910,0
560,560,2930,0
561,561,2940,0
562,562,2970,0
563,563,2980,0
564,564,2990,0
565,565,3010,0
566,566,3030,0
567,567,3050,0
568,568,3060,0
569,569,3080,0
570,570,3090,0
571,571,3110,0
572,572,3130,0
573,573,3140,0
574,574,3160,0
575,575,3180,0
576,576,3190,0
577,577,3210,0
578,578,3220,0
579,579,3240,0
580,580,3260,0
581,581,3280,0
582,582,3290,0
583,583,3310,0
584,584,3330,0
585,585,3350,0
586,586,3360,0
587,587,3370,0
588,588,3390,0
589,589,3410,0
590,590,3430,0
591,591,3450,0
592,592,3460,0
593,593,3480,0
594,594,3500,0
595,595,3520,0
596,596,3540,0
597,597,3560,0
598,598,3580,0
599,599,3590,0
600,600,3610,0
601,601,3630,0
602,602,3650,0
603,603,3670,0
604,604,3690,0
605,605,3710,0
606,606,3720,0
607,607,3740,0
608,608,3760,0
609,609,3780,0
610,610,3800,0
611,611,3820,0
612,612,3840,0
613,613,3860,0
614,614,3880,0
615,615,3890,0
616,616,3910,0
617,617,3930,0
618,618,3950,0
619,619,3970,0
620,620,3990,0
621,621,4010,0
622,622,4030,0
623,623,4040,0
624,624,4060,0
625,625,4090,0
626,626,4100,0
627,627,4120,0
628,628,4140,0
629,629,4160,0
630,630,4180,0
631,631,4200,0
632,632,4220,0
633,633,4240,0
634,634,4260,0
635,635,4280,0
636,636,4300,0
637,637,4320,0
638,638,4340,0
639,639,4360,0
640,640,4380,0
641,641,4400,0
642,642,4420,0
643,643,4440,0
644,644,4470,0
645,645,4490,0
646,646,4510,0
647,647,4520,0
648,648,4550,0
649,649,4570,0
650,650,4590,0
651,651,4600,0
652,652,4630,0
653,653,4650,0
654,654,4660,0
655,655,4690,0
656,656,4710,0
657,657,4720,0
658,658,4740,0
659,659,4770,0
660,660,4790,0
661,661,4810,0
662,662,4830,0
663,663,4850,0
664,664,4870,0
665,665,4890,0
666,666,4920,0
667,667,4930,0
668,668,4950,0
669,669,4970,0
670,670,5000,0
671,671,5020,0
672,672,5040,0
673,673,5060,0
674,674,5080,0
675,675,5100,0
676,676,5120,0
677,677,5150,0
678,678,5170,0
679,679,5190,0
680,680,5210,0
681,681,5230,0
682,682,5250,0
683,683,5270,0
684,684,5300,0
685,685,5310,0
686,686,5330,0
687,687,5360,0
688,688,5380,0
689,689,5400,0
690,690,5420,0
691,691,5440,0
692,692,5460,0
693,693,5480,0
694,694,5510,0
695,695,5530,0
696,696,5550,0
697,697,5570,0
698,698,5590,0
699,699,5610,0
700,700,5630,0
701,701,5650,0
702,702,5680,0
703,703,5700,0
704,704,5720,0
705,705,5740,0
706,706,5760,0
707,707,5780,0
708,708,5800,0
709,709,5830,0
710,710,5850,0
711,711,5870,0
712,712,5890,0
713,713,5910,0
714,714,5930,0
715,715,5950,0
716,716,5980,0
717,717,6000,0
718,718,6020,0
719,719,6040,0
720,720,6060,0
721,721,6080,0
722,722,6100,0
723,723,6120,0
724,724,6150,0
725,725,6170,0
726,726,6190,0
727,727,6210,0
728,728,6230,0
729,729,6250,0
730,730,6280,0
731,731,6300,0
732,732,6320,0
733,733,6340,0
734,734,6370,0
735,735,6390,0
736,736,6410,0
737,737,6430,0
738,738,6450,0
739,739,6470,0
740,740,6490,0
741,741,6510,0
742,742,6540,0
743,743,6550,0
744,744,6580,0
745,745,6600,0
746,746,6620,0
747,747,6640,0
748,748,6670,0
749,749,6690,0
750,750,6700,0
751,751,6730,0
752,752,6750,0
753,753,6770,0
754,754,6800,0
755,755,6820,0
756,756,6840,0
757,757,6860,0
758,758,6880,0
759,759,6910,0
760,760,6930,0
761,761,6950,0
762,762,6970,0
763,763,6990,0
764,764,7010,0
765,765,7040,0
766,766,7060,0
767,767,7080,0
768,768,7110,0
769,769,7130,0
770,770,7150,0
771,771,7170,0
772,772,7200,0
773,773,7220,0
774,774,7240,0
775,775,7260,0
776,776,7280,0
777,777,7300,0
778,778,7330,0
779,779,7350,0
780,780,7370,0
781,781,7400,0
782,782,7420,0
783,783,7440,0
784,784,7460,0
785,785,7490,0
786,786,7510,0
787,787,7530,0
788,788,7550,0
789,789,7570,0
790,790,7590,0
791,791,7610,0
792,792,7640,0
793,793,7660,0
794,794,7680,0
795,795,7710,0
796,796,7730,0
797,797,7750,0
798,798,7770,0
799,799,7790,0
800,800,7820,0
801,801,7840,0
802,802,7860,0
803,803,7880,0
804,804,7910,0
805,805,7930,0
806,806,7950,0
807,807,7980,0
808,808,8000,0
809,809,8020,0
810,810,8050,0
811,811,8070,0
812,812,8090,0
813,813,8110,0
814,814,8130,0
815,815,8160,0
816,816,8180,0
817,817,8200,0
818,818,8230,0
819,819,8250,0
820,820,8270,0
821,821,8300,0
822,822,8320,0
823,823,8340,0
824,824,8370,0
825,825,8390,0
826,826,8410,0
827,827,8430,0
828,828,8460,0
829,829,8480,0
830,830,8500,0
831,831,8530,0
832,832,8550,0
833,833,8570,0
834,834,8590,0
835,835,8620,0
836,836,8630,0
837,837,8660,0
838,838,8680,0
839,839,8700,0
840,840,8720,0
841,841,8750,0
842,842,8770,0
843,843,8790,0
844,844,8810,0
845,845,8840,0
846,846,8860,0
847,847,8880,0
848,848,8910,0
849,849,8940,0
850,850,8960,0
851,851,8980,0
852,852,9010,0
853,853,9030,0
854,854,9050,0
855,855,9070,0
856,856,9100,0
857,857,9120,0
858,858,9140,0
859,859,9170,0
860,860,9190,0
861,861,9210,0
862,862,9240,0
863,863,9260,0
864,864,9280,0
865,865,9310,0
866,866,9330,0
867,867,9350,0
868,868,9380,0
869,869,9400,0
870,870,9420,0
871,871,9440,0
872,872,9470,0
873,873,9490,0
874,874,9510,0
875,875,9530,0
876,876,9560,0
877,877,9580,0
878,878,9600,0
879,879,9630,0
880,880,9650,0
881,881,9670,0
882,882,9700,0
883,883,9720,0
884,884,9740,0
885,885,9770,0
886,886,9790,0
887,887,9820,0
888,888,9840,0
889,889,9860,0
890,890,9890,0
891,891,9910,0
892,892,9930,0
893,893,9960,0
894,894,9980,0
895,895,10000,0
896,896,10030,0
897,897,10050,0
898,898,10080,0
899,899,10100,0
900,900,10130,0
901,901,10150,0
902,902,10170,0
903,903,10200,0
904,904,10220,0
905,905,10240,0
906,906,10270,0
907,907,10290,0
908,908,10320,0
909,909,10340,0
910,910,10370,0
911,911,10390,0
912,912,10420,0
913,913,10440,0
914,914,10460,0
915,915,10490,0
916,916,10510,0
917,917,10530,0
918,918,10560,0
919,919,10580,0
920,920,10600,0
921,921,10630,0
922,922,10650,0
923,923,10680,0
924,924,10700,0
925,925,10730,0
926,926,10750,0
927,927,10770,0
928,928,10800,0
929,929,10820,0
930,930,10850,0
931,931,10880,0
932,932,10900,0
933,933,10920,0
934,934,10950,0
935,935,10980,0
936,936,11000,0
937,937,11030,0
938,938,11050,0
939,939,11080,0
940,940,11100,0
941,941,11130,0
942,942,11150,0
943,943,11180,0
944,944,11200,0
945,945,11220,0
946,946,11250,0
947,947,11270,0
948,948,11300,0
949,949,11330,0
950,950,11350,0
951,951,11370,0
952,952,11400,0
953,953,11420,0
954,954,11450,0
955,955,11470,0
956,956,11500,0
957,957,11520,0
958,958,11550,0
959,959,11570,0
960,960,11590,0
961,961,11620,0
962,962,11640,0
963,963,11670,0
964,964,11690,0
965,965,11720,0
966,966,11740,0
967,967,11760,0
968,968,11790,0
969,969,11810,0
970,970,11840,0
971,971,11860,0
972,972,11880,0
973,973,11900,0
974,974,11930,0
975,975,11950,0
976,976,11980,0
977,977,12000,0
978,978,12020,0
979,979,12050,0
980,980,12070,0
981,981,12090,0
982,982,12110,0
983,983,12140,0
984,984,12160,0
985,985,12180,0
986,986,12200,0
987,987,12220,0
988,988,12240,0
989,989,12260,0
990,990,12280,0
991,991,12300,0
992,992,12330,0
993,993,12350,0
994,994,12370,0
995,995,12390,0
996,996,12410,0
997,997,12440,0
998,998,12450,0
999,999,12470,0
1000,1000,12490,0
1001,1001,12520,0
1002,1002,12540,0
1003,1003,12560,0
1004,1004,12580,0
1005,1005,12600,0
1006,1006,12620,0
1007,1007,12640,0
1008,1008,12660,0
1009,1009,12690,0
1010,1010,12710,0
1011,1011,12730,0
1012,1012,12750,0
1013,1013,12780,0
1014,1014,12800,0
1015,1015,12830,0
1016,1016,12840,0
1017,1017,12870,0
1018,1018,12900,0
1019,1019,12920,0
1020,1020,12940,0
1021,1021,12970,0
1022,1022,12990,0
1023,1023,13010,0
1024,1024,13040,0
1025,1025,13060,0
1026,1026,13080,0
1027,1027,13100,0
1028,1028,13130,0
1029,1029,13150,0
1030,1030,13170,0
1031,1031,13200,0
1032,1032,13220,0
1033,1033,13240,0
1034,1034,13260,0
1035,1035,13290,0
1036,1036,13310,0
1037,1037,13340,0
1038,1038,13360,0
1039,1039,13380,0
1040,1040,13400,0
1041,1041,13420,0
1042,1042,13440,0
1043,1043,13460,0
1044,1044,13490,0
1045,1045,13520,0
1046,1046,13540,0
1047,1047,13560,0
1048,1048,13590,0
1049,1049,13610,0
1050,1050,13640,0
1051,1051,13650,0
1052,1052,13680,0
1053,1053,13700,0
1054,1054,13730,0
1055,1055,13750,0
1056,1056,13770,0
1057,1057,13790,0
1058,1058,13810,0
1059,1059,13840,0
1060,1060,13870,0
1061,1061,13890,0
1062,1062,13910,0
1063,1063,13940,0
1064,1064,13960,0
1065,1065,13980,0
1066,1066,14000,0
1067,1067,14030,0
1068,1068,14050,0
1069,1069,14080,0
1070,1070,14110,0
1071,1071,14130,0
1072,1072,14150,0
1073,1073,14180,0
1074,1074,14200,0
1075,1075,14220,0
1076,1076,14250,0
1077,1077,14270,0
1078,1078,14290,0
1079,1079,14320,0
1080,1080,14340,0
1081,1081,14360,0
1082,1082,14380,0
1083,1083,14410,0
1084,1084,14430,0
1085,1085,14450,0
1086,1086,14480,0
1087,1087,14500,0
1088,1088,14520,0
1089,1089,14550,0
1090,1090,14570,0
1091,1091,14600,0
1092,1092,14620,0
1093,1093,14650,0
1094,1094,14670,0
1095,1095,14690,0
1096,1096,14720,0
1097,1097,14740,0
1098,1098,14770,0
1099,1099,14790,0
1100,1100,14810,0
1101,1101,14840,0
1102,1102,14860,0
1103,1103,14880,0
1104,1104,14910,0
1105,1105,14930,0
1106,1106,14960,0
1107,1107,14990,0
1108,1108,15010,0
1109,1109,15030,0
1110,1110,15050,0
1111,1111,15080,0
1112,1112,15110,0
1113,1113,15130,0
1114,1114,15160,0
1115,1115,15180,0
1116,1116,15200,0
1117,1117,15230,0
1118,1118,15250,0
1119,1119,15270,0
1120,1120,15300,0
1121,1121,15320,0
1122,1122,15340,0
1123,1123,15370,0
1124,1124,15390,0
1125,1125,15420,0
1126,1126,15440,0
1127,1127,15470,0
1128,1128,15490,0
1129,1129,15520,0
1130,1130,15540,0
1131,1131,15560,0
1132,1132,15590,0
1133,1133,15610,0
1134,1134,15630,0
1135,1135,15660,0
1136,1136,15690,0
1137,1137,15710,0
1138,1138,15740,0
1139,1139,15760,0
1140,1140,15780,0
1141,1141,15800,0
1142,1142,15830,0
1143,1143,15860,0
1144,1144,15880,0
1145,1145,15910,0
1146,1146,15930,0
1147,1147,15950,0
1148,1148,15980,0
1149,1149,16010,0
1150,1150,16040,0
1151,1151,16060,0
1152,1152,16080,0
1153,1153,16100,0
1154,1154,16130,0
1155,1155,16150,0
1156,1156,16180,0
1157,1157,16200,0
1158,1158,16220,0
1159,1159,16250,0
1160,1160,16270,0
1161,1161,16290,0
1162,1162,16320,0
1163,1163,16340,0
1164,1164,16360,0
1165,1165,16390,0
1166,1166,16420,0
1167,1167,16440,0
1168,1168,16460,0
1169,1169,16480,0
1170,1170,16510,0
1171,1171,16520,0
1172,1172,16550,0
1173,1173,16570,0
1174,1174,16590,0
1175,1175,16610,0
1176,1176,16640,0
1177,1177,16660,0
1178,1178,16680,0
1179,1179,16710,0
1180,1180,16730,0
1181,1181,16750,0
1182,1182,16780,0
1183,1183,16800,0
1184,1184,16820,0
1185,1185,16840,0
1186,1186,16870,0
1187,1187,16890,0
1188,1188,16920,0
1189,1189,16940,0
1190,1190,16970,0
1191,1191,16990,0
1192,1192,17010,0
1193,1193,17040,0
1194,1194,17060,0
1195,1195,17090,0
1196,1196,17110,0
1197,1197,17140,0
1198,1198,17170,0
1199,1199,17190,0
1200,1200,17220,0
1201,1201,17250,0
1202,1202,17270,0
1203,1203,17290,0
1204,1204,17320,0
1205,1205,17350,0
1206,1206,17370,0
1207,1207,17400,0
1208,1208,17420,0
1209,1209,17450,0
1210,1210,17480,0
1211,1211,17510,0
1212,1212,17540,0
1213,1213,17560,0
1214,1214,17590,0
1215,1215,17620,0
1216,1216,17640,0
1217,1217,17670,0
1218,1218,17700,0
1219,1219,17720,0
1220,1220,17750,0
1221,1221,17780,0
1222,1222,17810,0
1223,1223,17830,0
1224,1224,17860,0
1225,1225,17890,0
1226,1226,17920,0
1227,1227,17940,0
1228,1228,17960,0
1229,1229,17990,0
1230,1230,18020,0
1231,1231,18040,0
1232,1232,18070,0
1233,1233,18110,0
1234,1234,18130,0
1235,1235,18160,0
1236,1236,18190,0
1237,1237,18220,0
1238,1238,18240,0
1239,1239,18270,0
1240,1240,18300,0
1241,1241,18330,0
1242,1242,18350,0
1243,1243,18380,0
1244,1244,18410,0
1245,1245,18440,0
1246,1246,18460,0
1247,1247,18490,0
1248,1248,18520,0
1249,1249,18540,0
1250,1250,18570,0
1251,1251,18600,0
1252,1252,18620,0
1253,1253,18650,0
1254,1254,18670,0
1255,1255,18700,0
1256,1256,18730,0
1257,1257,18760,0
1258,1258,18780,0
1259,1259,18800,0
1260,1260,18830,0
1261,1261,18850,0
1262,1262,18880,0
1263,1263,18910,0
1264,1264,18930,0
1265,1265,18960,0
1266,1266,18990,0
1267,1267,19010,0
1268,1268,19040,0
1269,1269,19060,0
1270,1270,19090,0
1271,1271,19120,0
1272,1272,19140,0
1273,1273,19160,0
1274,1274,19190,0
1275,1275,19210,0
1276,1276,19230,0
1277,1277,19260,0
1278,1278,19280,0
1279,1279,19300,0
1280,1280,19330,0
1281,1281,19350,0
1282,1282,19370,0
1283,1283,19400,0
1284,1284,19420,0
1285,1285,19440,0
1286,1286,19460,0
1287,1287,19480,0
1288,1288,19510,0
1289,1289,19530,0
1290,1290,19550,0
1291,1291,19580,0
1292,1292,19600,0
1293,1293,19620,0
1294,1294,19640,0
1295,1295,19670,0
1296,1296,19690,0
1297,1297,19710,0
1298,1298,19730,0
1299,1299,19760,0
1300,1300,19780,0
1301,1301,19800,0
1302,1302,19820,0
1303,1303,19840,0
1304,1304,19870,0
1305,1305,19890,0
1306,1306,19910,0
1307,1307,19930,0
1308,1308,19960,0
1309,1309,19980,0
1310,1310,20000,0
1311,1311,20020,0
1312,1312,20040,0
1313,1313,20060,0
1314,1314,20090,0
1315,1315,20110,0
1316,1316,20140,0
1317,1317,20160,0
1318,1318,20190,0
1319,1319,20210,0
1320,1320,20240,0
1321,1321,20260,0
1322,1322,20290,0
1323,1323,20320,0
1324,1324,20340,0
1325,1325,20370,0
1326,1326,20400,0
1327,1327,20410,0
1328,1328,20440,0
1329,1329,20470,0
1330,1330,20490,0
1331,1331,20510,0
1332,1332,20540,0
1333,1333,20570,0
1334,1334,20590,0
1335,1335,20620,0
1336,1336,20650,0
1337,1337,20670,0
1338,1338,20700,0
1339,1339,20720,0
1340,1340,20750,0
1341,1341,20780,0
1342,1342,20800,0
1343,1343,20830,0
1344,1344,20860,0
1345,1345,20880,0
1346,1346,20910,0
1347,1347,20930,0
1348,1348,20960,0
1349,1349,20980,0
1350,1350,21010,0
1351,1351,21030,0
1352,1352,21060,0
1353,1353,21080,0
1354,1354,21110,0
1355,1355,21130,0
1356,1356,21160,0
1357,1357,21180,0
1358,1358,21210,0
1359,1359,21230,0
1360,1360,21260,0
1361,1361,21290,0
1362,1362,21310,0
1363,1363,21330,0
1364,1364,21360,0
1365,1365,21380,0
1366,1366,21400,0
1367,1367,21430,0
1368,1368,21460,0
1369,1369,21480,0
1370,1370,21510,0
1371,1371,21530,0
1372,1372,21550,0
1373,1373,21580,0
1374,1374,21600,0
1375,1375,21620,0
1376,1376,21640,0
1377,1377,21670,0
1378,1378,21690,0
1379,1379,21710,0
1380,1380,21740,0
1381,1381,21760,0
1382,1382,21780,0
1383,1383,21810,0
1384,1384,21830,0
1385,1385,21850,0
1386,1386,21870,0
1387,1387,21890,0
1388,1388,21910,0
1389,1389,21930,0
1390,1390,21960,0
1391,1391,21980,0
1392,1392,22000,0
1393,1393,22020,0
1394,1394,22040,0
1395,1395,22060,0
1396,1396,22080,0
1397,1397,22110,0
1398,1398,22130,0
1399,1399,22150,0
1400,1400,22170,0
1401,1401,22190,0
1402,1402,22210,0
1403,1403,22230,0
1404,1404,22260,0
1405,1405,22280,0
1406,1406,22300,0
1407,1407,22320,0
1408,1408,22340,0
1409,1409,22360,0
1410,1410,22380,0
1411,1411,22400,0
1412,1412,22420,0
1413,1413,22440,0
1414,1414,22460,0
1415,1415,22480,0
1416,1416,22500,0
1417,1417,22520,0
1418,1418,22540,0
1419,1419,22560,0
1420,1420,22580,0
1421,1421,22590,0
1422,1422,22610,0
1423,1423,22630,0
1424,1424,22650,0
1425,1425,22670,0
1426,1426,22680,0
1427,1427,22710,0
1428,1428,22720,0
1429,1429,22730,0
1430,1430,22750,0
1431,1431,22770,0
1432,1432,22790,0
1433,1433,22810,0
1434,1434,22820,0
1435,1435,22840,0
1436,1436,22860,0
1437,1437,22870,0
1438,1438,22890,0
1439,1439,22900,0
1440,1440,22920,0
1441,1441,22940,0
1442,1442,22960,0
1443,1443,22970,0
1444,1444,22990,0
1445,1445,23010,0
1446,1446,23020,0
1447,1447,23040,0
1448,1448,23060,0
1449,1449,23070,0
1450,1450,23090,0
1451,1451,23100,0
1452,1452,23110,0
1453,1453,23130,0
1454,1454,23150,0
1455,1455,23160,0
1456,1456,23180,0
1457,1457,23190,0
1458,1458,23200,0
1459,1459,23220,0
1460,1460,23240,0
1461,1461,23250,0
1462,1462,23260,0
1463,1463,23280,0
1464,1464,23300,0
1465,1465,23310,0
1466,1466,23320,0
1467,1467,23330,0
1468,1468,23340,0
1469,1469,23360,0
1470,1470,23370,0
1471,1471,23390,0
1472,1472,23400,0
1473,1473,23410,0
1474,1474,23420,0
1475,1475,23440,0
1476,1476,23450,0
1477,1477,23460,0
1478,1478,23470,0
1479,1479,23480,0
1480,1480,23490,0
1481,1481,23500,0
1482,1482,23510,0
1483,1483,23530,0
1484,1484,23540,0
1485,1485,23550,0
1486,1486,23560,0
1487,1487,23570,0
1488,1488,23580,0
1489,1489,23600,0
1490,1490,23610,0
1491,1491,23620,0
1492,1492,23640,0
1493,1493,23650,0
1494,1494,23660,0
1495,1495,23670,0
1496,1496,23680,0
1497,1497,23690,0
1498,1498,23700,0
1499,1499,23710,0
1500,1500,23720,0
1501,1501,23730,0
1502,1502,23740,0
1503,1503,23750,0
1504,1504,23760,0
1505,1505,23770,0
1506,1506,23780,0
1507,1507,23790,0
1508,1508,23800,0
1509,1509,23810,0
1510,1510,23830,0
1511,1511,23830,0
1512,1512,23840,0
1513,1513,23850,0
1514,1514,23860,0
1515,1515,23870,0
1516,1516,23880,0
1517,1517,23900,0
1518,1518,23910,0
1519,1519,23920,0
1520,1520,23930,0
1521,1521,23940,0
1522,1522,23950,0
1523,1523,23960,0
1524,1524,23970,0
1525,1525,23980,0
1526,1526,23990,0
1527,1527,24000,0
1528,1528,24000,0
1529,1529,24010,0
1530,1530,24020,0
1531,1531,24030,0
1532,1532,24030,0
1533,1533,24050,0
1534,1534,24060,0
1535,1535,24070,0
1536,1536,24070,0
1537,1537,24080,0
1538,1538,24090,0
1539,1539,24100,0
1540,1540,24100,0
1541,1541,24120,0
1542,1542,24120,0
1543,1543,24130,0
1544,1544,24140,0
1545,1545,24150,0
1546,1546,24150,0
1547,1547,24160,0
1548,1548,24170,0
1549,1549,24180,0
1550,1550,24190,0
1551,1551,24200,0
1552,1552,24210,0
1553,1553,24220,0
1554,1554,24230,0
1555,1555,24230,0
1556,1556,24240,0
1557,1557,24250,0
1558,1558,24270,0
1559,1559,24280,0
1560,1560,24280,0
1561,1561,24290,0
1562,1562,24300,0
1563,1563,24310,0
1564,1564,24320,0
1565,1565,24330,0
1566,1566,24350,0
1567,1567,24360,0
1568,1568,24370,0
1569,1569,24380,0
1570,1570,24380,0
1571,1571,24390,0
1572,1572,24400,0
1573,1573,24420,0
1574,1574,24430,0
1575,1575,24440,0
1576,1576,24450,0
1577,1577,24460,0
1578,1578,24460,0
1579,1579,24470,0
1580,1580,24480,0
1581,1581,24490,0
1582,1582,24500,0
1583,1583,24510,0
1584,1584,24520,0
1585,1585,24520,0
1586,1586,24530,0
1587,1587,24540,0
1588,1588,24550,0
1589,1589,24550,0
1590,1590,24570,0
1591,1591,24570,0
1592,1592,24580,0
1593,1593,24590,0
1594,1594,24590,0
1595,1595,24600,0
1596,1596,24610,0
1597,1597,24620,0
1598,1598,24620,0
1599,1599,24630,0
1600,1600,24630,0
1601,1601,24630,0
1602,1602,24650,0
1603,1603,24650,0
1604,1604,24660,0
1605,1605,24660,0
1606,1606,24670,0
1607,1607,24670,0
1608,1608,24670,0
1609,1609,24680,0
1610,1610,24680,0
1611,1611,24690,0
1612,1612,24690,0
1613,1613,24700,0
1614,1614,24700,0
1615,1615,24710,0
1616,1616,24720,0
1617,1617,24720,0
1618,1618,24730,0
1619,1619,24730,0
1620,1620,24740,0
1621,1621,24740,0
1622,1622,24750,0
1623,1623,24750,0
1624,1624,24750,0
1625,1625,24760,0
1626,1626,24760,0
1627,1627,24770,0
1628,1628,24770,0
1629,1629,24780,0
1630,1630,24780,0
1631,1631,24790,0
1632,1632,24800,0
1633,1633,24800,0
1634,1634,24810,0
1635,1635,24810,0
1636,1636,24810,0
1637,1637,24820,0
1638,1638,24820,0
1639,1639,24820,0
1640,1640,24830,0
1641,1641,24830,0
1642,1642,24840,0
1643,1643,24840,0
1644,1644,24850,0
1645,1645,24850,0
1646,1646,24870,0
1647,1647,24870,0
1648,1648,24870,0
1649,1649,24880,0
1650,1650,24880,0
1651,1651,24890,0
1652,1652,24890,0
1653,1653,24890,0
1654,1654,24900,0
1655,1655,24900,0
1656,1656,24910,0
1657,1657,24910,0
1658,1658,24920,0
1659,1659,24920,0
1660,1660,24920,0
1661,1661,24930,0
1662,1662,24930,0
1663,1663,24940,0
1664,1664,24940,0
1665,1665,24940,0
1666,1666,24940,0
1667,1667,24950,0
1668,1668,24950,0
1669,1669,24950,0
1670,1670,24950,0
1671,1671,24920,0
1672,1672,24880,0
1673,1673,24840,0
1674,1674,24810,0
1675,1675,24770,0
1676,1676,24740,0
1677,1677,24700,0
1678,1678,24670,0
1679,1679,24630,0
1680,1680,24600,0
1681,1681,24570,0
1682,1682,24530,0
1683,1683,24490,0
1684,1684,24460,0
1685,1685,24430,0
1686,1686,24390,0
1687,1687,24360,0
1688,1688,24320,0
1689,1689,24290,0
1690,1690,24260,0
1691,1691,24230,0
1692,1692,24200,0
1693,1693,24170,0
1694,1694,24140,0
1695,1695,24110,0
1696,1696,24080,0
1697,1697,24060,0
1698,1698,24040,0
1699,1699,24020,0
1700,1700,24010,0
1701,1701,23990,0
1702,1702,23980,0
1703,1703,23960,0
1704,1704,23940,0
1705,1705,23920,0
1706,1706,23910,0
1707,1707,23890,0
1708,1708,23870,0
1709,1709,23860,0
1710,1710,23840,0
1711,1711,23830,0
1712,1712,23800,0
