,Time (s),P,label
0,0,0,1
1,1,170,1
2,2,190,1
3,3,210,0
4,4,230,0
5,5,250,0
6,6,280,0
7,7,300,0
8,8,320,0
9,9,350,0
10,10,380,0
11,11,410,0
12,12,440,0
13,13,470,0
14,14,490,0
15,15,520,0
16,16,560,0
17,17,590,0
18,18,640,0
19,19,680,0
20,20,730,0
21,21,780,0
22,22,820,0
23,23,870,0
24,24,930,0
25,25,990,0
26,26,1040,0
27,27,1100,0
28,28,1170,0
29,29,1240,0
30,30,1310,0
31,31,1390,0
32,32,1460,0
33,33,1540,0
34,34,1620,0
35,35,1700,0
36,36,1770,0
37,37,1850,0
38,38,1950,0
39,39,2040,0
40,40,2130,0
41,41,2230,0
42,42,2320,0
43,43,2410,0
44,44,2510,0
45,45,2610,0
46,46,2710,0
47,47,2810,0
48,48,2910,0
49,49,3020,0
50,50,3120,0
51,51,3220,0
52,52,3330,0
53,53,3430,0
54,54,3530,0
55,55,3630,0
56,56,3740,0
57,57,3840,0
58,58,3950,0
59,59,4060,0
60,60,4170,0
61,61,4260,0
62,62,4360,0
63,63,4470,0
64,64,4560,0
65,65,4650,0
66,66,4740,0
67,67,4850,0
68,68,4940,0
69,69,5050,0
70,70,5170,0
71,71,5270,0
72,72,5380,0
73,73,5500,0
74,74,5620,0
75,75,5720,0
76,76,5840,0
77,77,5970,0
78,78,6070,0
79,79,6200,0
80,80,6310,0
81,81,6430,0
82,82,6530,0
83,83,6650,0
84,84,6760,0
85,85,6860,0
86,86,6960,0
87,87,7070,0
88,88,7180,0
89,89,7270,0
90,90,7370,0
91,91,7460,0
92,92,7560,0
93,93,7650,0
94,94,7750,0
95,95,7860,0
96,96,7950,0
97,97,8060,0
98,98,8180,0
99,99,8280,0
100,100,8410,0
101,101,8540,0
102,102,8660,0
103,103,8770,0
104,104,8890,0
105,105,9010,0
106,106,9120,0
107,107,9240,0
108,108,9370,0
109,109,9490,0
110,110,9610,0
111,111,9720,0
112,112,9840,0
113,113,9960,0
114,114,10060,0
115,115,10180,0
116,116,10300,0
117,117,10410,0
118,118,10530,0
119,119,10660,0
120,120,10780,0
121,121,10890,0
122,122,11010,0
123,123,11130,0
124,124,11250,0
125,125,11360,0
126,126,11480,0
127,127,11600,0
128,128,11710,0
129,129,11840,0
130,130,11960,0
131,131,12080,0
132,132,12200,0
133,133,12330,0
134,134,12450,0
135,135,12560,0
136,136,12690,0
137,137,12820,0
138,138,12930,0
139,139,13060,0
140,140,13190,0
141,141,13310,0
142,142,13430,0
143,143,13540,0
144,144,13680,0
145,145,13790,0
146,146,13910,0
147,147,14040,0
148,148,14170,0
149,149,14280,0
150,150,14410,0
151,151,14540,0
152,152,14650,0
153,153,14780,0
154,154,14910,0
155,155,15040,0
156,156,15150,0
157,157,15270,0
158,158,15400,0
159,159,15520,0
160,160,15650,0
161,161,15780,0
162,162,15910,0
163,163,16020,0
164,164,16160,0
165,165,16290,0
166,166,16410,0
167,167,16540,0
168,168,16680,0
169,169,16810,0
170,170,16920,0
171,171,17060,0
172,172,17190,0
173,173,17300,0
174,174,17440,0
175,175,17580,0
176,176,17710,0
177,177,17830,0
178,178,17970,0
179,179,18100,0
180,180,18220,0
181,181,18350,0
182,182,18490,0
183,183,18620,0
184,184,18740,0
185,185,18890,0
186,186,19020,0
187,187,19140,0
188,188,19280,0
189,189,19410,0
190,190,19540,0
191,191,19670,0
192,192,19810,0
193,193,19940,0
194,194,20060,0
195,195,20200,0
196,196,20350,0
197,197,20490,0
198,198,20620,0
199,199,20760,0
200,200,20900,0
201,201,21040,0
202,202,21150,0
203,203,21280,0
204,204,21410,0
205,205,21540,0
206,206,21680,0
207,207,21810,0
208,208,21940,0
209,209,22070,0
210,210,22190,0
211,211,22320,0
212,212,22430,0
213,213,22560,0
214,214,22680,0
215,215,22820,0
216,216,22950,0
217,217,23080,0
218,218,23220,0
219,219,23350,0
220,220,23480,0
221,221,23620,0
222,222,23760,0
223,223,23880,0
224,224,24010,0
225,225,24170,0
226,226,24300,0
227,227,24450,0
228,228,24610,0
229,229,24760,0
230,230,24890,0
231,231,25030,0
232,232,25170,0
233,233,25290,0
234,234,25420,0
235,235,25560,0
236,236,25700,0
237,237,25810,0
238,238,25940,0
239,239,26060,0
240,240,26150,0
241,241,26250,0
242,242,26330,0
243,243,26400,0
244,244,26440,0
245,245,26520,0
246,246,26600,0
247,247,26680,0
248,248,26730,0
249,249,26780,0
250,250,26810,0
251,251,26860,0
252,252,26940,0
253,253,27000,0
254,254,27000,0
255,255,26990,0
256,256,26950,0
257,257,26920,0
258,258,26870,0
259,259,26830,0
260,260,26780,0
261,261,26740,0
262,262,26680,0
263,263,26620,0
264,264,26550,0
265,265,26500,0
266,266,26460,0
267,267,26420,0
268,268,26360,0
269,269,26310,0
270,270,26260,0
271,271,26210,0
272,272,26150,0
273,273,26080,0
274,274,25990,0
275,275,25910,0
276,276,25820,0
277,277,25740,0
278,278,25670,0
279,279,25600,0
280,280,25530,0
281,281,25480,0
282,282,25440,0
283,283,25390,0
284,284,25340,0
285,285,25270,0
286,286,25220,0
287,287,25170,0
288,288,25090,0
289,289,25030,0
290,290,24960,0
291,291,24900,0
292,292,24850,0
293,293,24800,0
294,294,24740,0
295,295,24670,0
296,296,24620,0
297,297,24560,0
298,298,24500,0
299,299,24440,0
300,300,24380,0
301,301,24330,0
302,302,24280,0
303,303,24220,0
304,304,24160,0
305,305,24100,0
306,306,24060,0
307,307,24010,0
308,308,23950,0
309,309,23900,0
310,310,23850,0
311,311,23800,0
312,312,23750,0
313,313,23690,0
314,314,23640,0
315,315,23600,0
316,316,23560,0
317,317,23530,0
318,318,23490,0
319,319,23450,0
320,320,23410,0
321,321,23370,0
322,322,23320,0
323,323,23280,0
324,324,23240,0
325,325,23190,0
326,326,23160,0
327,327,23130,0
328,328,23110,0
329,329,23090,0
330,330,23060,0
331,331,23030,0
332,332,22990,0
333,333,22950,0
334,334,22910,0
335,335,22880,0
336,336,22850,0
337,337,22830,0
338,338,22810,0
339,339,22790,0
340,340,22780,0
341,341,22750,0
342,342,22730,0
343,343,22710,0
344,344,22690,0
345,345,22670,0
346,346,22660,0
347,347,22640,0
348,348,22630,0
349,349,22610,0
350,350,22590,0
351,351,22560,0
352,352,22540,0
353,353,22520,0
354,354,22490,0
355,355,22460,0
356,356,22450,0
357,357,22430,0
358,358,22420,0
359,359,22410,0
360,360,22390,0
361,361,22380,0
362,362,22360,0
363,363,22340,0
364,364,22310,0
365,365,22290,0
366,366,22280,0
367,367,22270,0
368,368,22270,0
369,369,22260,0
370,370,22260,0
371,371,22240,0
372,372,22220,0
373,373,22220,0
374,374,22200,0
375,375,22190,0
376,376,22180,0
377,377,22190,0
378,378,22190,0
379,379,22180,0
380,380,22170,0
381,381,22160,0
382,382,22150,0
383,383,22140,0
384,384,22130,0
385,385,22110,0
386,386,22110,0
387,387,22120,0
388,388,22120,0
389,389,22120,0
390,390,22110,0
391,391,22110,0
392,392,22090,0
393,393,22080,0
394,394,22070,0
395,395,22060,0
396,396,22050,0
397,397,22060,0
398,398,22060,0
399,399,22050,0
400,400,22050,0
401,401,22050,0
402,402,22040,0
403,403,22030,0
404,404,22030,0
405,405,22010,0
406,406,22010,0
407,407,22030,0
408,408,22040,0
409,409,22040,0
410,410,22040,0
411,411,22040,0
412,412,22030,0
413,413,22030,0
414,414,22020,0
415,415,22010,0
416,416,22010,0
417,417,22010,0
418,418,22010,0
419,419,22020,0
420,420,22010,0
421,421,22010,0
422,422,22000,0
423,423,22000,0
424,424,21990,0
425,425,21980,0
426,426,21970,0
427,427,21980,0
428,428,21980,0
429,429,21980,0
430,430,21980,0
431,431,21990,0
432,432,21980,0
433,433,21980,0
434,434,21970,0
435,435,21960,0
436,436,21960,0
437,437,21960,0
438,438,21960,0
439,439,21960,0
440,440,21960,0
441,441,21960,0
442,442,21950,0
443,443,21940,0
444,444,21930,0
