,Time (s),P,label
0,0,0,1
1,1,210,1
2,2,230,0
3,3,240,0
4,4,250,0
5,5,260,0
6,6,280,0
7,7,290,0
8,8,310,0
9,9,320,0
10,10,330,0
11,11,350,0
12,12,360,0
13,13,380,0
14,14,400,0
15,15,420,0
16,16,440,0
17,17,460,0
18,18,480,0
19,19,500,0
20,20,520,0
21,21,550,0
22,22,570,0
23,23,590,0
24,24,610,0
25,25,640,0
26,26,660,0
27,27,690,0
28,28,710,0
29,29,740,0
30,30,770,0
31,31,790,0
32,32,810,0
33,33,850,0
34,34,870,0
35,35,900,0
36,36,930,0
37,37,960,0
38,38,990,0
39,39,1020,0
40,40,1050,0
41,41,1080,0
42,42,1110,0
43,43,1140,0
44,44,1170,0
45,45,1200,0
46,46,1230,0
47,47,1260,0
48,48,1290,0
49,49,1330,0
50,50,1360,0
51,51,1400,0
52,52,1430,0
53,53,1470,0
54,54,1500,0
55,55,1540,0
56,56,1570,0
57,57,1610,0
58,58,1650,0
59,59,1680,0
60,60,1720,0
61,61,1760,0
62,62,1790,0
63,63,1830,0
64,64,1860,0
65,65,1900,0
66,66,1940,0
67,67,1980,0
68,68,2020,0
69,69,2050,0
70,70,2090,0
71,71,2140,0
72,72,2170,0
73,73,2210,0
74,74,2260,0
75,75,2300,0
76,76,2340,0
77,77,2380,0
78,78,2430,0
79,79,2470,0
80,80,2510,0
81,81,2550,0
82,82,2590,0
83,83,2630,0
84,84,2670,0
85,85,2710,0
86,86,2750,0
87,87,2800,0
88,88,2840,0
89,89,2880,0
90,90,2920,0
91,91,2970,0
92,92,3010,0
93,93,3060,0
94,94,3110,0
95,95,3150,0
96,96,3200,0
97,97,3240,0
98,98,3290,0
99,99,3340,0
100,100,3380,0
101,101,3430,0
102,102,3490,0
103,103,3530,0
104,104,3580,0
105,105,3620,0
106,106,3670,0
107,107,3720,0
108,108,3770,0
109,109,3820,0
110,110,3870,0
111,111,3910,0
112,112,3970,0
113,113,4020,0
114,114,4060,0
115,115,4120,0
116,116,4170,0
117,117,4220,0
118,118,4260,0
119,119,4320,0
120,120,4360,0
121,121,4410,0
122,122,4460,0
123,123,4510,0
124,124,4550,0
125,125,4590,0
126,126,4640,0
127,127,4690,0
128,128,4730,0
129,129,4780,0
130,130,4820,0
131,131,4860,0
132,132,4900,0
133,133,4950,0
134,134,4990,0
135,135,5020,0
136,136,5070,0
137,137,5110,0
138,138,5150,0
139,139,5190,0
140,140,5230,0
141,141,5270,0
142,142,5310,0
143,143,5360,0
144,144,5400,0
145,145,5450,0
146,146,5490,0
147,147,5530,0
148,148,5580,0
149,149,5620,0
150,150,5670,0
151,151,5710,0
152,152,5760,0
153,153,5800,0
154,154,5850,0
155,155,5900,0
156,156,5940,0
157,157,6000,0
158,158,6040,0
159,159,6090,0
160,160,6130,0
161,161,6180,0
162,162,6230,0
163,163,6280,0
164,164,6330,0
165,165,6380,0
166,166,6430,0
167,167,6470,0
168,168,6520,0
169,169,6560,0
170,170,6610,0
171,171,6660,0
172,172,6710,0
173,173,6760,0
174,174,6810,0
175,175,6850,0
176,176,6910,0
177,177,6960,0
178,178,7000,0
179,179,7060,0
180,180,7110,0
181,181,7150,0
182,182,7200,0
183,183,7260,0
184,184,7300,0
185,185,7350,0
186,186,7410,0
187,187,7450,0
188,188,7500,0
189,189,7550,0
190,190,7600,0
191,191,7650,0
192,192,7700,0
193,193,7750,0
194,194,7800,0
195,195,7840,0
196,196,7900,0
197,197,7950,0
198,198,7990,0
199,199,8050,0
200,200,8100,0
201,201,8150,0
202,202,8200,0
203,203,8250,0
204,204,8310,0
205,205,8350,0
206,206,8410,0
207,207,8460,0
208,208,8500,0
209,209,8550,0
210,210,8610,0
211,211,8660,0
212,212,8710,0
213,213,8760,0
214,214,8810,0
215,215,8860,0
216,216,8910,0
217,217,8960,0
218,218,9020,0
219,219,9070,0
220,220,9120,0
221,221,9170,0
222,222,9210,0
223,223,9260,0
224,224,9310,0
225,225,9370,0
226,226,9410,0
227,227,9460,0
228,228,9510,0
229,229,9550,0
230,230,9600,0
231,231,9650,0
232,232,9700,0
233,233,9750,0
234,234,9790,0
235,235,9850,0
236,236,9890,0
237,237,9940,0
238,238,10000,0
239,239,10050,0
240,240,10100,0
241,241,10160,0
242,242,10210,0
243,243,10260,0
244,244,10320,0
245,245,10380,0
246,246,10440,0
247,247,10490,0
248,248,10550,0
249,249,10610,0
250,250,10660,0
251,251,10720,0
252,252,10770,0
253,253,10830,0
254,254,10890,0
255,255,10950,0
256,256,11010,0
257,257,11060,0
258,258,11120,0
259,259,11180,0
260,260,11240,0
261,261,11290,0
262,262,11350,0
263,263,11410,0
264,264,11460,0
265,265,11510,0
266,266,11570,0
267,267,11630,0
268,268,11690,0
269,269,11740,0
270,270,11800,0
271,271,11850,0
272,272,11900,0
273,273,11950,0
274,274,12010,0
275,275,12050,0
276,276,12100,0
277,277,12150,0
278,278,12190,0
279,279,12240,0
280,280,12290,0
281,281,12340,0
282,282,12390,0
283,283,12440,0
284,284,12480,0
285,285,12530,0
286,286,12580,0
287,287,12630,0
288,288,12680,0
289,289,12720,0
290,290,12780,0
291,291,12830,0
292,292,12870,0
293,293,12930,0
294,294,12990,0
295,295,13040,0
296,296,13090,0
297,297,13150,0
298,298,13210,0
299,299,13260,0
300,300,13320,0
301,301,13380,0
302,302,13440,0
303,303,13500,0
304,304,13560,0
305,305,13620,0
306,306,13680,0
307,307,13740,0
308,308,13800,0
309,309,13850,0
310,310,13910,0
311,311,13970,0
312,312,14030,0
313,313,14090,0
314,314,14140,0
315,315,14210,0
316,316,14260,0
317,317,14320,0
318,318,14390,0
319,319,14440,0
320,320,14500,0
321,321,14560,0
322,322,14620,0
323,323,14670,0
324,324,14730,0
325,325,14790,0
326,326,14850,0
327,327,14900,0
328,328,14960,0
329,329,15020,0
330,330,15080,0
331,331,15140,0
332,332,15190,0
333,333,15250,0
334,334,15310,0
335,335,15370,0
336,336,15430,0
337,337,15480,0
338,338,15540,0
339,339,15600,0
340,340,15670,0
341,341,15720,0
342,342,15780,0
343,343,15840,0
344,344,15900,0
345,345,15950,0
346,346,16010,0
347,347,16080,0
348,348,16130,0
349,349,16190,0
350,350,16250,0
351,351,16310,0
352,352,16370,0
353,353,16430,0
354,354,16490,0
355,355,16540,0
356,356,16600,0
357,357,16670,0
358,358,16720,0
359,359,16780,0
360,360,16840,0
361,361,16910,0
362,362,16960,0
363,363,17030,0
364,364,17090,0
365,365,17140,0
366,366,17200,0
367,367,17260,0
368,368,17330,0
369,369,17380,0
370,370,17440,0
371,371,17500,0
372,372,17560,0
373,373,17620,0
374,374,17680,0
375,375,17740,0
376,376,17800,0
377,377,17870,0
378,378,17930,0
379,379,17990,0
380,380,18050,0
381,381,18110,0
382,382,18170,0
383,383,18230,0
384,384,18300,0
385,385,18360,0
386,386,18410,0
387,387,18470,0
388,388,18540,0
389,389,18600,0
390,390,18650,0
391,391,18720,0
392,392,18780,0
393,393,18830,0
394,394,18900,0
395,395,18950,0
396,396,19020,0
397,397,19080,0
398,398,19140,0
399,399,19200,0
400,400,19250,0
401,401,19310,0
402,402,19370,0
403,403,19440,0
404,404,19490,0
405,405,19560,0
406,406,19620,0
407,407,19680,0
408,408,19740,0
409,409,19800,0
410,410,19870,0
411,411,19920,0
412,412,19990,0
413,413,20050,0
414,414,20110,0
415,415,20170,0
416,416,20240,0
417,417,20300,0
418,418,20350,0
419,419,20420,0
420,420,20480,0
421,421,20540,0
422,422,20590,0
423,423,20650,0
424,424,20720,0
425,425,20770,0
426,426,20830,0
427,427,20890,0
428,428,20940,0
429,429,21000,0
430,430,21060,0
431,431,21120,0
432,432,21180,0
433,433,21240,0
434,434,21300,0
435,435,21360,0
436,436,21420,0
437,437,21480,0
438,438,21540,0
439,439,21600,0
440,440,21660,0
441,441,21710,0
442,442,21770,0
443,443,21830,0
444,444,21890,0
445,445,21950,0
446,446,22000,0
447,447,22070,0
448,448,22130,0
449,449,22180,0
450,450,22240,0
451,451,22310,0
452,452,22370,0
453,453,22430,0
454,454,22490,0
455,455,22540,0
456,456,22590,0
457,457,22650,0
458,458,22710,0
459,459,22760,0
460,460,22820,0
461,461,22870,0
462,462,22930,0
463,463,22970,0
464,464,23030,0
465,465,23080,0
466,466,23130,0
467,467,23170,0
468,468,23220,0
469,469,23260,0
470,470,23310,0
471,471,23350,0
472,472,23400,0
473,473,23440,0
474,474,23480,0
475,475,23530,0
476,476,23570,0
477,477,23610,0
478,478,23650,0
479,479,23690,0
480,480,23740,0
481,481,23780,0
482,482,23810,0
483,483,23860,0
484,484,23900,0
485,485,23930,0
486,486,23980,0
487,487,24010,0
488,488,24050,0
489,489,24080,0
490,490,24120,0
491,491,24150,0
492,492,24180,0
493,493,24220,0
494,494,24250,0
495,495,24280,0
496,496,24320,0
497,497,24350,0
498,498,24370,0
499,499,24400,0
500,500,24430,0
501,501,24460,0
502,502,24480,0
503,503,24510,0
504,504,24540,0
505,505,24570,0
506,506,24600,0
507,507,24620,0
508,508,24650,0
509,509,24670,0
510,510,24700,0
511,511,24730,0
512,512,24750,0
513,513,24790,0
514,514,24830,0
515,515,24870,0
516,516,24900,0
517,517,24950,0
518,518,24980,0
519,519,25020,0
520,520,25050,0
521,521,25090,0
522,522,25130,0
523,523,25180,0
524,524,25230,0
525,525,25280,0
526,526,25320,0
527,527,25370,0
528,528,25430,0
529,529,25490,0
530,530,25540,0
531,531,25600,0
532,532,25660,0
533,533,25710,0
534,534,25770,0
535,535,25830,0
536,536,25880,0
537,537,25940,0
538,538,26000,0
539,539,26060,0
540,540,26110,0
541,541,26160,0
542,542,26220,0
543,543,26260,0
544,544,26300,0
545,545,26340,0
546,546,26390,0
547,547,26440,0
548,548,26480,0
549,549,26520,0
550,550,26560,0
551,551,26600,0
552,552,26630,0
553,553,26660,0
554,554,26670,0
555,555,26670,0
556,556,26670,0
557,557,26660,0
558,558,26650,0
559,559,26630,0
560,560,26640,0
561,561,26640,0
562,562,26620,0
563,563,26590,0
564,564,26550,0
565,565,26510,0
566,566,26470,0
567,567,26450,0
568,568,26410,0
569,569,26400,0
570,570,26390,0
571,571,26360,0
572,572,26320,0
573,573,26280,0
574,574,26250,0
575,575,26220,0
576,576,26220,0
577,577,26230,0
578,578,26210,0
579,579,26190,0
580,580,26170,0
581,581,26160,0
582,582,26140,0
583,583,26110,0
584,584,26090,0
585,585,26060,0
586,586,26020,0
587,587,25990,0
588,588,25940,0
589,589,25910,0
590,590,25860,0
591,591,25810,0
592,592,25770,0
593,593,25720,0
594,594,25670,0
595,595,25640,0
596,596,25600,0
597,597,25550,0
598,598,25510,0
599,599,25470,0
600,600,25430,0
601,601,25390,0
602,602,25340,0
603,603,25300,0
604,604,25260,0
605,605,25210,0
606,606,25180,0
607,607,25130,0
608,608,25080,0
609,609,25030,0
610,610,25000,0
611,611,24960,0
612,612,24920,0
613,613,24900,0
614,614,24880,0
615,615,24840,0
616,616,24810,0
617,617,24780,0
618,618,24750,0
619,619,24730,0
620,620,24710,0
621,621,24680,0
622,622,24650,0
623,623,24620,0
624,624,24600,0
625,625,24580,0
626,626,24550,0
627,627,24530,0
628,628,24500,0
629,629,24470,0
630,630,24450,0
631,631,24420,0
632,632,24390,0
633,633,24370,0
634,634,24350,0
635,635,24320,0
636,636,24290,0
637,637,24270,0
638,638,24250,0
639,639,24230,0
640,640,24200,0
641,641,24180,0
642,642,24160,0
643,643,24130,0
644,644,24110,0
645,645,24090,0
646,646,24070,0
647,647,24050,0
648,648,24020,0
649,649,24000,0
650,650,23970,0
651,651,23940,0
652,652,23920,0
653,653,23890,0
654,654,23860,0
655,655,23840,0
656,656,23810,0
657,657,23790,0
658,658,23770,0
659,659,23750,0
660,660,23730,0
661,661,23710,0
662,662,23700,0
663,663,23680,0
664,664,23660,0
665,665,23640,0
666,666,23620,0
667,667,23600,0
668,668,23580,0
669,669,23560,0
670,670,23540,0
671,671,23530,0
672,672,23520,0
673,673,23510,0
674,674,23510,0
675,675,23500,0
676,676,23490,0
677,677,23490,0
678,678,23490,0
679,679,23480,0
680,680,23480,0
681,681,23470,0
682,682,23470,0
683,683,23460,0
684,684,23450,0
685,685,23450,0
686,686,23440,0
687,687,23430,0
688,688,23430,0
689,689,23420,0
690,690,23410,0
691,691,23400,0
692,692,23390,0
693,693,23380,0
694,694,23380,0
695,695,23360,0
696,696,23360,0
697,697,23360,0
698,698,23350,0
699,699,23350,0
700,700,23350,0
701,701,23340,0
702,702,23340,0
703,703,23330,0
704,704,23330,0
705,705,23330,0
706,706,23330,0
707,707,23320,0
708,708,23320,0
709,709,23320,0
710,710,23310,0
711,711,23310,0
712,712,23310,0
713,713,23300,0
714,714,23290,0
715,715,23280,0
716,716,23270,0
717,717,23260,0
718,718,23260,0
719,719,23250,0
720,720,23240,0
721,721,23230,0
722,722,23220,0
723,723,23210,0
724,724,23210,0
725,725,23200,0
726,726,23200,0
727,727,23200,0
728,728,23200,0
729,729,23200,0
730,730,23200,0
731,731,23210,0
732,732,23210,0
733,733,23210,0
734,734,23210,0
735,735,23220,0
736,736,23220,0
737,737,23220,0
738,738,23230,0
739,739,23230,0
740,740,23230,0
741,741,23230,0
742,742,23230,0
743,743,23230,0
744,744,23230,0
745,745,23230,0
746,746,23230,0
747,747,23230,0
748,748,23230,0
749,749,23220,0
750,750,23210,0
751,751,23200,0
752,752,23200,0
753,753,23200,0
754,754,23200,0
755,755,23190,0
756,756,23190,0
757,757,23190,0
758,758,23190,0
759,759,23200,0
760,760,23190,0
761,761,23190,0
762,762,23190,0
763,763,23200,0
764,764,23200,0
765,765,23190,0
766,766,23190,0
767,767,23190,0
768,768,23190,0
769,769,23180,0
770,770,23180,0
771,771,23180,0
772,772,23180,0
773,773,23180,0
774,774,23180,0
775,775,23180,0
776,776,23170,0
777,777,23170,0
