,Time (s),P,label
0,0,0,0
1,1,260,0
2,2,260,0
3,3,280,0
4,4,280,0
5,5,290,0
6,6,290,0
7,7,300,0
8,8,310,0
9,9,320,0
10,10,320,0
11,11,330,0
12,12,340,0
13,13,340,0
14,14,350,0
15,15,360,0
16,16,370,0
17,17,370,0
18,18,380,0
19,19,390,0
20,20,390,0
21,21,400,0
22,22,410,0
23,23,420,0
24,24,430,0
25,25,450,0
26,26,460,0
27,27,460,0
28,28,460,0
29,29,470,0
30,30,490,0
31,31,500,0
32,32,520,0
33,33,530,0
34,34,550,0
35,35,560,0
36,36,580,0
37,37,590,0
38,38,600,0
39,39,620,0
40,40,630,0
41,41,640,0
42,42,650,0
43,43,670,0
44,44,680,0
45,45,700,0
46,46,710,0
47,47,730,0
48,48,750,0
49,49,760,0
50,50,780,0
51,51,800,0
52,52,830,0
53,53,840,0
54,54,860,0
55,55,880,0
56,56,900,0
57,57,930,0
58,58,960,0
59,59,980,0
60,60,1000,0
61,61,1020,0
62,62,1050,0
63,63,1080,0
64,64,1110,0
65,65,1130,0
66,66,1160,0
67,67,1200,0
68,68,1230,0
69,69,1270,0
70,70,1310,0
71,71,1350,0
72,72,1390,0
73,73,1430,0
74,74,1480,0
75,75,1520,0
76,76,1570,0
77,77,1610,0
78,78,1670,0
79,79,1730,0
80,80,1800,0
81,81,1860,0
82,82,1920,0
83,83,1980,0
84,84,2060,0
85,85,2130,0
86,86,2200,0
87,87,2270,0
88,88,2350,0
89,89,2430,0
90,90,2510,1
91,91,3590,1
92,92,3450,1
93,93,3440,0
94,94,3460,0
95,95,3480,0
96,96,3520,0
97,97,3560,0
98,98,3600,0
99,99,3650,0
100,100,3700,0
101,101,3760,0
102,102,3830,0
103,103,3890,0
104,104,3960,0
105,105,4040,0
106,106,4120,0
107,107,4200,0
108,108,4280,0
109,109,4370,0
110,110,4690,1
111,111,5150,1
112,112,5140,1
113,113,5150,1
114,114,5180,0
115,115,5220,0
116,116,5260,0
117,117,5310,0
118,118,5360,0
119,119,5430,0
120,120,5490,0
121,121,5560,0
122,122,5640,0
123,123,5720,0
124,124,5800,0
125,125,5890,0
126,126,5990,0
127,127,6070,0
128,128,6150,0
129,129,6240,1
130,130,6330,1
131,131,7260,1
132,132,7200,1
133,133,7190,1
134,134,7210,1
135,135,7240,0
136,136,7280,0
137,137,7320,0
138,138,7360,0
139,139,7420,0
140,140,7470,0
141,141,7540,0
142,142,7600,0
143,143,7670,0
144,144,7740,0
145,145,7820,0
146,146,7900,0
147,147,7990,0
148,148,8080,0
149,149,8150,0
150,150,8250,0
151,151,8350,1
152,152,9290,1
153,153,9240,1
154,154,9240,1
155,155,9250,1
156,156,9290,0
157,157,9320,0
158,158,9360,0
159,159,9410,0
160,160,9460,0
161,161,9520,0
162,162,9570,0
163,163,9630,0
164,164,9700,0
165,165,9770,0
166,166,9840,0
167,167,9920,0
168,168,10010,0
169,169,10090,0
170,170,10170,0
171,171,10270,0
172,172,10370,0
173,173,10470,0
174,174,10550,0
175,175,10650,0
176,176,10760,0
177,177,10860,0
178,178,10960,0
179,179,11040,0
180,180,11140,0
181,181,11240,1
182,182,12240,1
183,183,12180,1
184,184,12180,1
185,185,12200,0
186,186,12230,0
187,187,12260,0
188,188,12300,0
189,189,12350,0
190,190,12410,0
191,191,12460,0
192,192,12530,0
193,193,12590,0
194,194,12660,0
195,195,12740,0
196,196,12820,0
197,197,12910,0
198,198,13010,0
199,199,13100,0
200,200,13190,0
201,201,13290,0
202,202,13390,0
203,203,13500,0
204,204,13600,0
205,205,13710,0
206,206,13820,0
207,207,13930,0
208,208,14020,0
209,209,14120,1
210,210,15080,1
211,211,14980,1
212,212,14970,1
213,213,14990,0
214,214,15030,0
215,215,15070,0
216,216,15130,0
217,217,15180,0
218,218,15230,0
219,219,15300,0
220,220,15360,0
221,221,15440,1
222,222,16380,1
223,223,16300,1
224,224,16300,0
225,225,16320,0
226,226,16350,0
227,227,16400,0
228,228,16440,0
229,229,16490,0
230,230,16550,0
231,231,16610,0
232,232,16690,0
233,233,16760,0
234,234,16930,1
235,235,17650,1
236,236,17630,1
237,237,17650,0
238,238,17670,0
239,239,17710,0
240,240,17750,0
241,241,17800,0
242,242,17860,0
243,243,17930,0
244,244,18000,0
245,245,18090,0
246,246,18160,1
247,247,18560,1
248,248,19060,1
249,249,19040,1
250,250,19050,1
251,251,19080,0
252,252,19130,0
253,253,19180,0
254,254,19240,0
255,255,19290,0
256,256,19370,0
257,257,19440,0
258,258,19520,0
259,259,19590,0
260,260,19680,0
261,261,19770,0
262,262,19860,0
263,263,19970,0
264,264,20080,0
265,265,20190,0
266,266,20300,0
267,267,20400,0
268,268,20510,0
269,269,20620,0
270,270,20720,0
271,271,20810,0
272,272,20910,0
273,273,21030,0
274,274,21150,0
275,275,21270,0
276,276,21380,0
277,277,21480,0
278,278,21590,0
279,279,21720,0
280,280,21830,0
281,281,21940,0
282,282,22060,0
283,283,22180,1
284,284,23280,1
285,285,23230,1
286,286,23230,1
287,287,23250,1
288,288,23290,0
289,289,23350,0
290,290,23400,0
291,291,23470,0
292,292,23540,0
293,293,23620,0
294,294,23700,0
295,295,23800,0
296,296,23900,0
297,297,24010,0
298,298,24120,0
299,299,24240,0
300,300,24350,0
301,301,24450,0
302,302,24560,0
303,303,24670,0
304,304,24780,0
305,305,24880,0
306,306,24990,0
307,307,25100,0
308,308,25210,0
309,309,25310,0
310,310,25400,0
311,311,25500,0
312,312,25580,0
313,313,25670,0
314,314,25760,0
315,315,25850,0
316,316,25940,0
317,317,26020,0
318,318,26100,0
319,319,26170,0
320,320,26230,0
321,321,26280,0
322,322,26320,0
323,323,26370,1
324,324,27560,1
325,325,27280,1
326,326,27130,0
327,327,26990,0
328,328,26880,0
329,329,26780,0
330,330,26700,0
331,331,26630,0
332,332,26560,0
333,333,26510,0
334,334,26470,0
335,335,26440,0
336,336,26410,0
337,337,26390,0
338,338,26370,0
339,339,26360,0
340,340,26340,0
341,341,26320,0
342,342,26310,1
343,343,26290,1
344,344,26280,1
345,345,27110,1
346,346,26910,1
347,347,26780,0
348,348,26650,0
349,349,26540,0
350,350,26450,0
351,351,26370,0
352,352,26290,0
353,353,26220,0
354,354,26160,0
355,355,26120,0
356,356,26080,0
357,357,26060,0
358,358,26040,0
359,359,26030,0
360,360,26020,0
361,361,26010,0
362,362,25990,1
363,363,25980,1
364,364,25980,1
365,365,27240,1
366,366,26900,1
367,367,26720,0
368,368,26580,0
369,369,26460,0
370,370,26350,0
371,371,26250,0
372,372,26160,0
373,373,26080,0
374,374,26020,0
375,375,25970,0
376,376,25920,0
377,377,25880,0
378,378,25850,0
379,379,25830,0
380,380,25800,0
381,381,25780,0
382,382,25750,1
383,383,25710,1
384,384,25680,1
385,385,26930,1
386,386,26630,1
387,387,26440,0
388,388,26290,0
389,389,26170,0
390,390,26050,0
391,391,25940,0
392,392,25850,0
393,393,25760,0
394,394,25700,0
395,395,25640,0
396,396,25600,0
397,397,25550,0
398,398,25530,0
399,399,25500,0
400,400,25480,0
401,401,25460,1
402,402,25430,1
403,403,25390,1
404,404,26750,1
405,405,26340,1
406,406,26150,0
407,407,25990,0
408,408,25860,0
409,409,25740,0
410,410,25640,0
411,411,25550,0
412,412,25460,0
413,413,25370,0
414,414,25310,0
415,415,25270,0
416,416,25230,0
417,417,25210,0
418,418,25190,0
419,419,25180,0
